22240671_1034114836.jpg 35 50 27 45 637 1543 210 10 431 426
28059718_3439131428.jpg 455 18 12 195 80 1421 13 1 119 20
36108140_2080626420.jpg 6 76 94 675 76 19 6 6 19 46
29973031_4057080800.jpg 17 90 62 58 477 2 902 309 224 351
57764765_94357913.jpg 5 1 49 253 601 319 243 723 249 332
30186625_12882942.jpg 1 416 329 105 24 120 16 11 15 54
21176796_1535126613.jpg 937 741 945 1847 290 68 544 449 386 261
64037468_1304283550.jpg 9 163 599 238 214 39 1 4 153 338
28362640_2207574290.jpg 128 19 73 10 19 46 10 19 118 10
41880468_3382646322.jpg 4 60 821 4424 1 1304 194 44 56 2
46955859_1344522437.jpg 594 18 19 48 19 22 105 71 48 6
50136484_1899194201.jpg 436 149 91 87 209 58 477 1 367 187
32554218_3636000217.jpg 48 6 6 6 250 120 202 201 16 408
20544062_902932001.jpg 245 3016 8 138 426 1 17 11 261 874
